8168;250;195;140;
8169;250;196;140;
8170;250;197;140;
8171;250;198;140;
8172;250;199;140;
8173;250;200;140;
8174;250;201;140;
8175;250;202;140;
8176;250;203;140;
8177;250;204;140;
8178;250;205;140;
8179;250;206;140;
8180;250;207;140;
8181;250;208;140;
8182;250;209;140;
8183;250;210;140;
8184;250;211;140;
8185;250;212;140;
8186;250;213;140;
8187;250;214;140;
8188;250;215;140;
8189;250;216;140;
8190;250;217;140;
8191;250;218;140;
8192;250;219;140;
8193;250;220;140;
8194;250;221;140;
8195;250;222;140;
8196;250;223;140;
8197;250;224;140;
8198;250;225;140;
8199;250;226;140;
8200;250;227;140;
8201;250;228;140;
8202;250;229;140;
8203;250;230;140;
8204;250;231;140;
8205;250;232;140;
8206;250;233;140;
8207;250;234;140;
8208;250;235;140;
8209;250;236;140;
8210;250;237;140;
8211;250;238;140;
8212;250;239;140;
8213;250;240;140;
8214;250;241;140;
8215;250;242;140;
8216;250;243;140;
8217;250;244;140;
8218;250;245;140;
8219;250;246;140;
8220;250;247;140;
8221;250;248;140;
8222;250;249;140;
8223;250;250;140;
8224;250;251;140;
8225;250;252;140;
8226;250;253;140;
8227;250;255;140;
8228;250;100;141;
8229;250;101;141;
8230;250;102;141;
8231;250;103;141;
8232;250;104;141;
8233;250;105;141;
8234;250;106;141;
8235;250;107;141;
8236;250;108;141;
8237;250;109;141;
8238;250;110;141;
8239;250;111;141;
8240;250;112;141;
8241;250;113;141;
8242;250;114;141;
8243;250;115;141;
8244;250;116;141;
8245;250;117;141;
8246;250;118;141;
8247;250;119;141;
8248;250;120;141;
8249;250;121;141;
8250;250;122;141;
8251;250;123;141;
8252;250;124;141;
8253;250;125;141;
8254;250;126;141;
8255;250;127;141;
8256;250;128;141;
8257;250;129;141;
8258;250;130;141;
8259;250;131;141;
8260;250;132;141;
8261;250;133;141;
8262;250;134;141;
8263;250;135;141;
8264;250;136;141;
8265;250;137;141;
8266;250;138;141;
8267;250;139;141;
8268;250;140;141;
8269;250;141;141;
8270;250;142;141;
8271;250;143;141;
8272;250;144;141;
8273;250;145;141;
8274;250;146;141;
8275;250;147;141;
8276;250;148;141;
8277;250;149;141;
8278;250;150;141;
8279;250;151;141;
8280;250;152;141;
8281;250;153;141;
8282;250;154;141;
8283;250;155;141;
8284;250;156;141;
8285;250;157;141;
8286;250;158;141;
8287;250;159;141;
8288;250;160;141;
8289;250;161;141;
8290;250;162;141;
8291;250;163;141;
8292;250;164;141;
8293;250;165;141;
8294;250;166;141;
8295;250;167;141;
8296;250;168;141;
8297;250;169;141;
8298;250;170;141;
8299;250;171;141;
8300;250;172;141;
8301;250;173;141;
8302;250;174;141;
8303;250;175;141;
8304;250;176;141;
8305;250;177;141;
8306;250;178;141;
8307;250;179;141;
8308;250;180;141;
8309;250;181;141;
8310;250;182;141;
8311;250;183;141;
8312;250;184;141;
8313;250;185;141;
8314;250;186;141;
8315;250;187;141;
8316;250;188;141;
8317;250;189;141;
8318;250;190;141;
8319;250;191;141;
8320;250;192;141;
8321;250;193;141;
8322;250;194;141;
8323;250;195;141;
8324;250;196;141;
8325;250;197;141;
8326;250;198;141;
8327;250;199;141;
8328;250;200;141;
8329;250;201;141;
8330;250;202;141;
8331;250;203;141;
8332;250;204;141;
8333;250;205;141;
8334;250;206;141;
8335;250;207;141;
8336;250;208;141;
8337;250;209;141;
8338;250;210;141;
8339;250;211;141;
8340;250;212;141;
8341;250;213;141;
8342;250;214;141;
8343;250;215;141;
8344;250;216;141;
8345;250;217;141;
8346;250;218;141;
8347;250;219;141;
8348;250;220;141;
8349;250;221;141;
8350;250;222;141;
8351;250;223;141;
8352;250;224;141;
8353;250;225;141;
8354;250;226;141;
8355;250;227;141;
8356;250;228;141;
8357;250;229;141;
8358;250;230;141;
8359;250;231;141;
8360;250;232;141;
8361;250;233;141;
8362;250;234;141;
8363;250;235;141;
8364;250;236;141;
8365;250;237;141;
8366;250;238;141;
8367;250;239;141;
8368;250;240;141;
8369;250;241;141;
8370;250;242;141;
8371;250;243;141;
8372;250;244;141;
8373;250;245;141;
8374;250;246;141;
8375;250;247;141;
8376;250;248;141;
8377;250;249;141;
8378;250;250;141;
8379;250;251;141;
8380;250;252;141;
8381;250;253;141;
8382;250;254;141;
8383;250;255;141;
