object={
	name="tree_leaf_birch_01_cluster_generator_1_0"
	render_pass=Map
	clamp_to_water_level=no
	generated_content=yes
	layer="tree_high_layer"
	pdxmesh="tree_leaf_birch_01_cluster_a_mesh"
	count=41
	transform="646.084229 0.000000 1884.188110 0.000000 0.750007 0.000000 -0.661430 1.000000 1.000000 1.000000
2579.677246 0.000000 145.576523 0.000000 0.622520 0.000000 -0.782604 1.000000 1.000000 1.000000
2560.651855 0.000000 188.481201 0.000000 0.431225 0.000000 0.902244 1.000000 1.000000 1.000000
2588.100830 0.000000 169.425110 0.000000 0.997219 0.000000 -0.074531 1.000000 1.000000 1.000000
2559.101562 0.000000 169.960480 0.000000 0.940253 0.000000 -0.340476 1.000000 1.000000 1.000000
2567.341309 0.000000 189.496796 0.000000 0.742166 0.000000 0.670216 1.000000 1.000000 1.000000
2583.786621 0.000000 154.037506 0.000000 0.985646 0.000000 -0.168826 1.000000 1.000000 1.000000
2565.184570 0.000000 173.178131 0.000000 0.446367 0.000000 0.894850 1.000000 1.000000 1.000000
2560.457764 0.000000 164.578323 0.000000 0.468507 0.000000 0.883460 1.000000 1.000000 1.000000
2578.013672 0.000000 150.391785 0.000000 0.006036 0.000000 0.999982 1.000000 1.000000 1.000000
2588.660156 0.000000 174.731171 0.000000 0.740450 0.000000 0.672112 1.000000 1.000000 1.000000
2569.619629 0.000000 171.456985 0.000000 0.954738 0.000000 0.297448 1.000000 1.000000 1.000000
2568.409668 0.000000 175.837646 0.000000 0.607770 0.000000 0.794113 1.000000 1.000000 1.000000
2566.653809 0.000000 170.231628 0.000000 0.893662 0.000000 -0.448740 1.000000 1.000000 1.000000
2558.748047 0.000000 215.373398 0.000000 0.849433 0.000000 -0.527697 1.000000 1.000000 1.000000
2559.224609 0.000000 202.948242 0.000000 0.459975 0.000000 -0.887932 1.000000 1.000000 1.000000
2548.508057 0.000000 203.940430 0.000000 0.183606 0.000000 -0.983000 1.000000 1.000000 1.000000
2569.311279 0.000000 204.969269 0.000000 0.073087 0.000000 -0.997326 1.000000 1.000000 1.000000
2553.573730 0.000000 198.779373 0.000000 0.799173 0.000000 -0.601101 1.000000 1.000000 1.000000
2563.906250 0.000000 198.409637 0.000000 0.893541 0.000000 0.448982 1.000000 1.000000 1.000000
2555.707031 0.000000 193.723007 0.000000 0.933572 0.000000 0.358391 1.000000 1.000000 1.000000
2553.798584 0.000000 204.633743 0.000000 0.769857 0.000000 0.638216 1.000000 1.000000 1.000000
2556.823730 0.000000 211.854691 0.000000 0.169832 0.000000 0.985473 1.000000 1.000000 1.000000
2555.953125 0.000000 207.862122 0.000000 0.999584 0.000000 -0.028833 1.000000 1.000000 1.000000
2551.257568 0.000000 201.650879 0.000000 0.032200 0.000000 -0.999481 1.000000 1.000000 1.000000
2591.770508 0.000000 176.165131 0.000000 0.997422 0.000000 0.071765 1.000000 1.000000 1.000000
2593.407959 0.000000 187.397034 0.000000 0.563340 0.000000 -0.826225 1.000000 1.000000 1.000000
2597.427734 0.000000 188.329102 0.000000 0.433156 0.000000 0.901319 1.000000 1.000000 1.000000
2594.900635 0.000000 173.373611 0.000000 0.859473 0.000000 -0.511182 1.000000 1.000000 1.000000
2607.053711 0.000000 235.219513 0.000000 0.715616 0.000000 0.698494 1.000000 1.000000 1.000000
2619.840576 0.000000 269.962799 0.000000 0.368248 0.000000 -0.929727 1.000000 1.000000 1.000000
2611.463379 0.000000 254.281693 0.000000 0.049728 0.000000 0.998763 1.000000 1.000000 1.000000
2624.552979 0.000000 280.005798 0.000000 0.985090 0.000000 0.172042 1.000000 1.000000 1.000000
2608.599365 0.000000 227.402023 0.000000 0.580578 0.000000 -0.814205 1.000000 1.000000 1.000000
2600.350830 0.000000 207.190857 0.000000 0.410174 0.000000 0.912007 1.000000 1.000000 1.000000
2614.104004 0.000000 257.783325 0.000000 0.641889 0.000000 -0.766798 1.000000 1.000000 1.000000
2603.361572 0.000000 216.561111 0.000000 0.542736 0.000000 0.839903 1.000000 1.000000 1.000000
2604.364746 0.000000 220.562057 0.000000 0.613935 0.000000 0.789357 1.000000 1.000000 1.000000
2608.533691 0.000000 231.317673 0.000000 0.301208 0.000000 0.953558 1.000000 1.000000 1.000000
2607.255859 0.000000 223.194336 0.000000 0.003059 0.000000 -0.999995 1.000000 1.000000 1.000000
2605.804688 0.000000 217.906921 0.000000 0.503950 0.000000 0.863733 1.000000 1.000000 1.000000
"}
