object={
	name="tree_leaf_birch_01_single_generator_1_0"
	render_pass=Map
	clamp_to_water_level=no
	generated_content=yes
	layer="tree_high_layer"
	pdxmesh="tree_leaf_birch_01_single_a_mesh"
	count=188
	transform="2631.289551 0.000000 273.922729 0.000000 0.937382 0.000000 -0.348304 1.000000 1.000000 1.000000
2632.644043 0.000000 284.465576 0.000000 0.662255 0.000000 0.749278 1.000000 1.000000 1.000000
2616.834229 0.000000 261.289917 0.000000 0.178281 0.000000 -0.983980 1.000000 1.000000 1.000000
2639.333496 0.000000 285.481171 0.000000 0.801351 0.000000 0.598195 1.000000 1.000000 1.000000
2626.461426 0.000000 270.141205 0.000000 0.822619 0.000000 0.568593 1.000000 1.000000 1.000000
2622.428223 0.000000 264.627563 0.000000 0.895790 0.000000 0.444477 1.000000 1.000000 1.000000
2634.427490 0.000000 279.083191 0.000000 0.888894 0.000000 0.458114 1.000000 1.000000 1.000000
2627.637207 0.000000 287.445892 0.000000 0.758223 0.000000 -0.651995 1.000000 1.000000 1.000000
2621.353271 0.000000 258.224731 0.000000 0.458225 0.000000 -0.888836 1.000000 1.000000 1.000000
2629.257080 0.000000 278.281494 0.000000 0.033090 0.000000 0.999452 1.000000 1.000000 1.000000
2636.307617 0.000000 282.895569 0.000000 0.039135 0.000000 -0.999234 1.000000 1.000000 1.000000
2623.236816 0.000000 268.180481 0.000000 0.264175 0.000000 0.964475 1.000000 1.000000 1.000000
2635.793457 0.000000 286.656586 0.000000 0.958734 0.000000 -0.284306 1.000000 1.000000 1.000000
2631.187988 0.000000 281.244324 0.000000 0.979604 0.000000 -0.200936 1.000000 1.000000 1.000000
2617.908691 0.000000 258.303101 0.000000 0.899924 0.000000 -0.436047 1.000000 1.000000 1.000000
2630.547119 0.000000 286.771210 0.000000 0.507000 0.000000 0.861946 1.000000 1.000000 1.000000
2626.546875 0.000000 277.776398 0.000000 0.753750 0.000000 0.657161 1.000000 1.000000 1.000000
2624.865234 0.000000 272.437714 0.000000 0.986013 0.000000 0.166670 1.000000 1.000000 1.000000
2628.268066 0.000000 275.725555 0.000000 0.857319 0.000000 -0.514786 1.000000 1.000000 1.000000
2633.878418 0.000000 281.670380 0.000000 0.160146 0.000000 0.987093 1.000000 1.000000 1.000000
2632.021729 0.000000 277.563416 0.000000 0.650513 0.000000 0.759495 1.000000 1.000000 1.000000
2630.407227 0.000000 283.522064 0.000000 0.762851 0.000000 -0.646574 1.000000 1.000000 1.000000
2619.332031 0.000000 256.541504 0.000000 0.383175 0.000000 0.923676 1.000000 1.000000 1.000000
2634.821777 0.000000 284.676239 0.000000 0.101685 0.000000 -0.994817 1.000000 1.000000 1.000000
2624.278809 0.000000 270.207794 0.000000 0.426855 0.000000 0.904320 1.000000 1.000000 1.000000
2625.438965 0.000000 268.189392 0.000000 0.176517 0.000000 -0.984298 1.000000 1.000000 1.000000
2619.641602 0.000000 259.432007 0.000000 0.999611 0.000000 0.027898 1.000000 1.000000 1.000000
2637.786133 0.000000 286.937073 0.000000 0.599479 0.000000 0.800390 1.000000 1.000000 1.000000
2631.106445 0.000000 279.282867 0.000000 0.980678 0.000000 0.195631 1.000000 1.000000 1.000000
2622.251221 0.000000 266.487640 0.000000 0.885386 0.000000 0.464856 1.000000 1.000000 1.000000
2632.886230 0.000000 280.114563 0.000000 0.292583 0.000000 0.956240 1.000000 1.000000 1.000000
2629.439209 0.000000 274.298401 0.000000 0.990002 0.000000 -0.141054 1.000000 1.000000 1.000000
2634.750244 0.000000 287.937012 0.000000 0.660668 0.000000 -0.750678 1.000000 1.000000 1.000000
2650.348145 0.000000 297.835266 0.000000 0.999561 0.000000 -0.029611 1.000000 1.000000 1.000000
2633.046875 0.000000 288.358856 0.000000 0.788068 0.000000 0.615588 1.000000 1.000000 1.000000
2652.905029 0.000000 303.943573 0.000000 0.533483 0.000000 -0.845811 1.000000 1.000000 1.000000
2630.851807 0.000000 293.718353 0.000000 0.995642 0.000000 -0.093254 1.000000 1.000000 1.000000
2643.349609 0.000000 296.464111 0.000000 0.972992 0.000000 -0.230841 1.000000 1.000000 1.000000
2638.024658 0.000000 288.438202 0.000000 0.025553 0.000000 -0.999673 1.000000 1.000000 1.000000
2653.750977 0.000000 300.178314 0.000000 0.325172 0.000000 -0.945655 1.000000 1.000000 1.000000
2646.556885 0.000000 298.591522 0.000000 0.194922 0.000000 -0.980819 1.000000 1.000000 1.000000
2634.162842 0.000000 291.540497 0.000000 0.637550 0.000000 -0.770409 1.000000 1.000000 1.000000
2638.486816 0.000000 292.152802 0.000000 0.824128 0.000000 -0.566403 1.000000 1.000000 1.000000
2641.587891 0.000000 288.049347 0.000000 0.984387 0.000000 -0.176021 1.000000 1.000000 1.000000
2655.822266 0.000000 305.480835 0.000000 0.827258 0.000000 0.561822 1.000000 1.000000 1.000000
2662.196289 0.000000 311.615723 0.000000 0.931479 0.000000 -0.363794 1.000000 1.000000 1.000000
2660.207520 0.000000 309.162109 0.000000 0.250744 0.000000 0.968053 1.000000 1.000000 1.000000
2647.653320 0.000000 296.089294 0.000000 0.335701 0.000000 0.941968 1.000000 1.000000 1.000000
2629.682617 0.000000 287.986725 0.000000 0.479386 0.000000 0.877604 1.000000 1.000000 1.000000
2635.631348 0.000000 289.419556 0.000000 0.886380 0.000000 -0.462958 1.000000 1.000000 1.000000
2639.875000 0.000000 290.097382 0.000000 0.050972 0.000000 -0.998700 1.000000 1.000000 1.000000
2633.503418 0.000000 293.996124 0.000000 0.207228 0.000000 0.978293 1.000000 1.000000 1.000000
2638.239014 0.000000 295.210236 0.000000 0.826571 0.000000 -0.562833 1.000000 1.000000 1.000000
2654.333984 0.000000 302.314667 0.000000 0.284386 0.000000 0.958710 1.000000 1.000000 1.000000
2641.195801 0.000000 296.772797 0.000000 0.119195 0.000000 -0.992871 1.000000 1.000000 1.000000
2636.239746 0.000000 291.870941 0.000000 0.589887 0.000000 -0.807486 1.000000 1.000000 1.000000
2632.197510 0.000000 292.056396 0.000000 0.569434 0.000000 -0.822037 1.000000 1.000000 1.000000
2637.425537 0.000000 290.289337 0.000000 0.998915 0.000000 -0.046573 1.000000 1.000000 1.000000
2648.487061 0.000000 298.755188 0.000000 0.277060 0.000000 0.960853 1.000000 1.000000 1.000000
2640.229248 0.000000 292.725281 0.000000 0.853774 0.000000 -0.520643 1.000000 1.000000 1.000000
2641.910400 0.000000 293.226196 0.000000 0.858301 0.000000 0.513147 1.000000 1.000000 1.000000
2636.480469 0.000000 287.970856 0.000000 0.999186 0.000000 0.040337 1.000000 1.000000 1.000000
2639.049805 0.000000 293.799042 0.000000 0.393701 0.000000 -0.919238 1.000000 1.000000 1.000000
2704.414307 0.000000 332.772095 0.000000 0.204243 0.000000 -0.978920 1.000000 1.000000 1.000000
2723.661621 0.000000 337.545288 0.000000 0.965908 0.000000 0.258886 1.000000 1.000000 1.000000
2688.667725 0.000000 323.336761 0.000000 0.928052 0.000000 0.372451 1.000000 1.000000 1.000000
2680.057129 0.000000 315.381439 0.000000 0.505054 0.000000 0.863088 1.000000 1.000000 1.000000
2699.958740 0.000000 322.320953 0.000000 0.368673 0.000000 -0.929559 1.000000 1.000000 1.000000
2714.678467 0.000000 332.678467 0.000000 0.906425 0.000000 -0.422367 1.000000 1.000000 1.000000
2731.479004 0.000000 340.292053 0.000000 0.316385 0.000000 0.948631 1.000000 1.000000 1.000000
2693.972412 0.000000 325.884583 0.000000 0.937149 0.000000 -0.348930 1.000000 1.000000 1.000000
2692.604980 0.000000 319.835022 0.000000 0.998567 0.000000 -0.053510 1.000000 1.000000 1.000000
2704.097656 0.000000 326.016174 0.000000 0.972959 0.000000 0.230976 1.000000 1.000000 1.000000
2719.455322 0.000000 334.506226 0.000000 0.821852 0.000000 -0.569702 1.000000 1.000000 1.000000
2709.599854 0.000000 331.726807 0.000000 0.870767 0.000000 0.491697 1.000000 1.000000 1.000000
2664.295410 0.000000 308.686279 0.000000 0.309595 0.000000 -0.950869 1.000000 1.000000 1.000000
2726.918457 0.000000 341.325592 0.000000 0.882956 0.000000 -0.469455 1.000000 1.000000 1.000000
2682.937012 0.000000 319.480103 0.000000 0.878436 0.000000 0.477860 1.000000 1.000000 1.000000
2735.661865 0.000000 340.947449 0.000000 0.838728 0.000000 0.544551 1.000000 1.000000 1.000000
2675.353760 0.000000 312.545502 0.000000 0.721024 0.000000 0.692910 1.000000 1.000000 1.000000
2676.356934 0.000000 316.546448 0.000000 0.760124 0.000000 0.649778 1.000000 1.000000 1.000000
2702.823975 0.000000 329.415039 0.000000 0.865598 0.000000 0.500740 1.000000 1.000000 1.000000
2700.954346 0.000000 325.764465 0.000000 0.321823 0.000000 0.946800 1.000000 1.000000 1.000000
2717.196533 0.000000 336.618500 0.000000 0.523395 0.000000 -0.852090 1.000000 1.000000 1.000000
2724.159180 0.000000 340.362854 0.000000 0.985424 0.000000 0.170117 1.000000 1.000000 1.000000
2735.461426 0.000000 343.913635 0.000000 0.723858 0.000000 0.689949 1.000000 1.000000 1.000000
2683.425537 0.000000 316.770996 0.000000 0.918318 0.000000 0.395843 1.000000 1.000000 1.000000
2712.268066 0.000000 331.193573 0.000000 0.443045 0.000000 0.896499 1.000000 1.000000 1.000000
2690.286377 0.000000 321.160461 0.000000 0.463822 0.000000 -0.885929 1.000000 1.000000 1.000000
2728.960938 0.000000 339.761597 0.000000 0.309998 0.000000 -0.950737 1.000000 1.000000 1.000000
2714.906494 0.000000 335.140869 0.000000 0.972793 0.000000 0.231678 1.000000 1.000000 1.000000
2733.448730 0.000000 342.101929 0.000000 0.833693 0.000000 -0.552228 1.000000 1.000000 1.000000
2674.865479 0.000000 314.914703 0.000000 0.999205 0.000000 -0.039876 1.000000 1.000000 1.000000
2701.226562 0.000000 327.891541 0.000000 0.420213 0.000000 -0.907425 1.000000 1.000000 1.000000
2693.971191 0.000000 321.648712 0.000000 0.885968 0.000000 0.463746 1.000000 1.000000 1.000000
2697.959229 0.000000 323.182190 0.000000 0.932765 0.000000 0.360484 1.000000 1.000000 1.000000
2721.594238 0.000000 337.188171 0.000000 0.120268 0.000000 -0.992741 1.000000 1.000000 1.000000
2712.700928 0.000000 333.254303 0.000000 0.940626 0.000000 0.339444 1.000000 1.000000 1.000000
2673.475342 0.000000 313.353424 0.000000 0.748358 0.000000 -0.663295 1.000000 1.000000 1.000000
2694.130371 0.000000 323.678711 0.000000 0.218267 0.000000 -0.975889 1.000000 1.000000 1.000000
2699.578125 0.000000 324.268921 0.000000 0.789883 0.000000 0.613258 1.000000 1.000000 1.000000
2708.223389 0.000000 330.335388 0.000000 0.978370 0.000000 0.206863 1.000000 1.000000 1.000000
2746.482422 0.000000 343.113373 0.000000 0.307970 0.000000 -0.951396 1.000000 1.000000 1.000000
2755.447754 0.000000 350.266083 0.000000 0.472005 0.000000 -0.881596 1.000000 1.000000 1.000000
2804.077393 0.000000 361.393860 0.000000 0.976386 0.000000 0.216034 1.000000 1.000000 1.000000
2766.879639 0.000000 348.414185 0.000000 0.875950 0.000000 0.482401 1.000000 1.000000 1.000000
2788.321533 0.000000 353.927612 0.000000 0.826151 0.000000 -0.563449 1.000000 1.000000 1.000000
2775.827881 0.000000 350.988373 0.000000 0.857601 0.000000 0.514316 1.000000 1.000000 1.000000
2752.579834 0.000000 344.819763 0.000000 0.147632 0.000000 -0.989042 1.000000 1.000000 1.000000
2789.390381 0.000000 360.681580 0.000000 0.779574 0.000000 -0.626310 1.000000 1.000000 1.000000
2781.395264 0.000000 353.099792 0.000000 0.326194 0.000000 -0.945303 1.000000 1.000000 1.000000
2759.294678 0.000000 346.410950 0.000000 0.122648 0.000000 -0.992450 1.000000 1.000000 1.000000
2750.368652 0.000000 349.398895 0.000000 0.662154 0.000000 -0.749368 1.000000 1.000000 1.000000
2800.054199 0.000000 358.545837 0.000000 0.415684 0.000000 -0.909509 1.000000 1.000000 1.000000
2742.089355 0.000000 343.682281 0.000000 0.086095 0.000000 0.996287 1.000000 1.000000 1.000000
2778.990234 0.000000 348.294373 0.000000 0.720773 0.000000 0.693171 1.000000 1.000000 1.000000
2736.798096 0.000000 341.312866 0.000000 0.318239 0.000000 0.948011 1.000000 1.000000 1.000000
2749.202393 0.000000 345.987122 0.000000 0.609353 0.000000 -0.792899 1.000000 1.000000 1.000000
2755.826904 0.000000 346.541168 0.000000 0.514367 0.000000 0.857570 1.000000 1.000000 1.000000
2778.082031 0.000000 353.471710 0.000000 0.926852 0.000000 0.375428 1.000000 1.000000 1.000000
2764.798340 0.000000 350.885712 0.000000 0.308098 0.000000 0.951355 1.000000 1.000000 1.000000
2753.209717 0.000000 348.235901 0.000000 0.185041 0.000000 -0.982731 1.000000 1.000000 1.000000
2781.801514 0.000000 350.144043 0.000000 0.330827 0.000000 0.943691 1.000000 1.000000 1.000000
2793.855713 0.000000 355.467346 0.000000 0.851630 0.000000 0.524143 1.000000 1.000000 1.000000
2761.472656 0.000000 348.182373 0.000000 0.096699 0.000000 -0.995314 1.000000 1.000000 1.000000
2772.922852 0.000000 350.783447 0.000000 0.752310 0.000000 -0.658809 1.000000 1.000000 1.000000
2767.431885 0.000000 351.022278 0.000000 0.996482 0.000000 -0.083801 1.000000 1.000000 1.000000
2774.506348 0.000000 348.687744 0.000000 0.883323 0.000000 -0.468765 1.000000 1.000000 1.000000
2788.941895 0.000000 358.147919 0.000000 0.419459 0.000000 -0.907774 1.000000 1.000000 1.000000
2791.376221 0.000000 359.108032 0.000000 0.220018 0.000000 -0.975496 1.000000 1.000000 1.000000
2783.681885 0.000000 352.478333 0.000000 0.990103 0.000000 0.140341 1.000000 1.000000 1.000000
2797.430908 0.000000 357.664581 0.000000 0.421182 0.000000 0.906976 1.000000 1.000000 1.000000
2751.136963 0.000000 347.227509 0.000000 0.037023 0.000000 -0.999314 1.000000 1.000000 1.000000
2756.986572 0.000000 351.850250 0.000000 0.643477 0.000000 0.765465 1.000000 1.000000 1.000000
2757.000488 0.000000 348.344025 0.000000 0.456395 0.000000 -0.889777 1.000000 1.000000 1.000000
2784.135498 0.000000 357.966431 0.000000 0.036610 0.000000 -0.999330 1.000000 1.000000 1.000000
2793.110107 0.000000 357.905396 0.000000 0.985012 0.000000 -0.172488 1.000000 1.000000 1.000000
2788.727295 0.000000 356.015015 0.000000 0.956804 0.000000 0.290735 1.000000 1.000000 1.000000
2759.643799 0.000000 348.210052 0.000000 0.649624 0.000000 0.760256 1.000000 1.000000 1.000000
2793.758057 0.000000 359.420105 0.000000 0.181604 0.000000 -0.983372 1.000000 1.000000 1.000000
2787.701172 0.000000 357.214661 0.000000 0.350251 0.000000 -0.936656 1.000000 1.000000 1.000000
2794.469482 0.000000 356.820312 0.000000 0.399023 0.000000 0.916941 1.000000 1.000000 1.000000
2847.266113 0.000000 369.907135 0.000000 0.810559 0.000000 0.585657 1.000000 1.000000 1.000000
2876.069580 0.000000 361.393860 0.000000 0.356238 0.000000 -0.934395 1.000000 1.000000 1.000000
2869.674316 0.000000 365.030457 0.000000 0.098337 0.000000 -0.995153 1.000000 1.000000 1.000000
2842.437988 0.000000 366.125610 0.000000 0.436373 0.000000 0.899766 1.000000 1.000000 1.000000
2835.646240 0.000000 372.166626 0.000000 0.941721 0.000000 0.336394 1.000000 1.000000 1.000000
2850.404053 0.000000 375.067596 0.000000 0.999634 0.000000 -0.027058 1.000000 1.000000 1.000000
2856.163330 0.000000 376.270355 0.000000 0.620316 0.000000 -0.784352 1.000000 1.000000 1.000000
2865.115967 0.000000 364.249756 0.000000 0.998312 0.000000 0.058085 1.000000 1.000000 1.000000
2856.378418 0.000000 367.806427 0.000000 0.994598 0.000000 -0.103797 1.000000 1.000000 1.000000
2838.225098 0.000000 369.059875 0.000000 0.851760 0.000000 -0.523932 1.000000 1.000000 1.000000
2878.493408 0.000000 363.421295 0.000000 0.890722 0.000000 0.454548 1.000000 1.000000 1.000000
2853.481201 0.000000 374.442871 0.000000 0.999165 0.000000 0.040867 1.000000 1.000000 1.000000
2835.213379 0.000000 369.282135 0.000000 0.655764 0.000000 -0.754966 1.000000 1.000000 1.000000
2840.841797 0.000000 368.422119 0.000000 0.681242 0.000000 0.732058 1.000000 1.000000 1.000000
2867.309570 0.000000 369.987152 0.000000 0.784276 0.000000 0.620412 1.000000 1.000000 1.000000
2847.998291 0.000000 373.547791 0.000000 0.311413 0.000000 0.950275 1.000000 1.000000 1.000000
2862.046387 0.000000 369.210388 0.000000 0.634538 0.000000 -0.772891 1.000000 1.000000 1.000000
2858.516113 0.000000 366.220947 0.000000 0.541688 0.000000 -0.840579 1.000000 1.000000 1.000000
2856.730957 0.000000 370.157654 0.000000 0.624110 0.000000 0.781337 1.000000 1.000000 1.000000
2849.057373 0.000000 368.358887 0.000000 0.421233 0.000000 -0.906953 1.000000 1.000000 1.000000
2852.514648 0.000000 371.993805 0.000000 0.604438 0.000000 -0.796652 1.000000 1.000000 1.000000
2871.806396 0.000000 365.688049 0.000000 0.100944 0.000000 0.994892 1.000000 1.000000 1.000000
2853.507080 0.000000 370.048950 0.000000 0.837665 0.000000 -0.546185 1.000000 1.000000 1.000000
2842.542969 0.000000 369.339783 0.000000 0.907257 0.000000 0.420576 1.000000 1.000000 1.000000
2851.354248 0.000000 373.450684 0.000000 0.735953 0.000000 -0.677032 1.000000 1.000000 1.000000
2876.960449 0.000000 362.739380 0.000000 0.937759 0.000000 -0.347287 1.000000 1.000000 1.000000
2896.470215 0.000000 360.398315 0.000000 0.639048 0.000000 0.769167 1.000000 1.000000 1.000000
2904.802979 0.000000 357.274292 0.000000 0.178752 0.000000 -0.983894 1.000000 1.000000 1.000000
2905.479248 0.000000 351.073853 0.000000 0.654662 0.000000 -0.755922 1.000000 1.000000 1.000000
2891.597168 0.000000 357.911804 0.000000 0.855787 0.000000 -0.517328 1.000000 1.000000 1.000000
2896.272949 0.000000 354.694031 0.000000 0.265616 0.000000 -0.964079 1.000000 1.000000 1.000000
2909.322021 0.000000 354.209106 0.000000 0.362656 0.000000 0.931923 1.000000 1.000000 1.000000
2902.072754 0.000000 353.767700 0.000000 0.603596 0.000000 0.797290 1.000000 1.000000 1.000000
2882.869385 0.000000 365.342377 0.000000 0.487867 0.000000 0.872918 1.000000 1.000000 1.000000
2883.436035 0.000000 360.191925 0.000000 0.974186 0.000000 -0.225748 1.000000 1.000000 1.000000
2905.877441 0.000000 354.287506 0.000000 0.482205 0.000000 0.876059 1.000000 1.000000 1.000000
2894.852295 0.000000 357.506165 0.000000 0.630324 0.000000 -0.776332 1.000000 1.000000 1.000000
2884.706055 0.000000 363.237000 0.000000 0.457680 0.000000 -0.889117 1.000000 1.000000 1.000000
2897.657959 0.000000 357.014282 0.000000 0.978948 0.000000 -0.204109 1.000000 1.000000 1.000000
2893.752930 0.000000 359.947937 0.000000 0.999426 0.000000 -0.033865 1.000000 1.000000 1.000000
2913.497559 0.000000 349.006836 0.000000 0.177524 0.000000 -0.984116 1.000000 1.000000 1.000000
2911.416260 0.000000 351.022278 0.000000 0.999811 0.000000 -0.019463 1.000000 1.000000 1.000000
2899.920654 0.000000 355.538269 0.000000 0.400260 0.000000 0.916402 1.000000 1.000000 1.000000
2907.300781 0.000000 352.525879 0.000000 0.898102 0.000000 0.439787 1.000000 1.000000 1.000000
2882.693848 0.000000 362.242279 0.000000 0.612200 0.000000 -0.790703 1.000000 1.000000 1.000000
2903.846924 0.000000 354.875427 0.000000 0.634657 0.000000 -0.772794 1.000000 1.000000 1.000000
"}
